32.42968820248125
29.973464692572986
28.59137706229663
28.566669834783454
28.394109356309873
28.638754254703468
28.36112304027913
27.7381974848549
28.855180898516227
27.316852563728936
29.52782433105907
27.996279647334607
28.017887634905335
28.28877854428003
27.946323367143496
27.99744998969049
28.05115570002176
27.365551809537795
28.42893787790081
27.313709977773314
27.85648875482586
28.29265801245973
36.13046244284254
31.891005623674307
31.722346286387012
32.15489615192027
30.818755295615773
32.317010241217226
30.776926392896105
32.76692018502947
38.182506052844516
32.525634602657405
32.12884519799848
32.210075626699684
32.060423516192266
31.51671279985632
31.677114721632634
32.36421404957134
31.727656173001687
32.01660069686627
33.45384612891546
31.366063731045738
37.232448135943244
37.4039249640873
36.73132487755764
37.059367505311485
37.530798744668104
39.321292511135894
37.33851583019716
38.210030771214456
36.892507027571206
39.15705446719306
36.71626213797724
37.85840791229014
36.795693707131434
36.936568249969696
37.22950060704694
36.82763971884583
36.62478037715873
37.25143368971652
36.362060191268654
37.180519612152395
40.765191556208364
43.75379080000574
40.2477701968667
43.70747558492183
42.665914234195455
41.798647202469894
43.05000325699234
42.94679639960837
41.94916623324094
43.71809535815118
42.5409910242078
42.45512257209622
42.44862067011908
42.38971343820609
42.692181918183145
42.33769822238888
43.458322701157414
41.7742217240424
42.99308994168568
42.88251426206094
44.810198160246614
49.04562380018901
49.51542956405134
49.03730136565826
49.45918811194898
49.03899186017232
49.5203276635408
49.89568246468171
49.635411328536364
49.35702155888136
49.43764514339803
49.49694248942964
49.40886339064584
49.463826135359355
49.77890830517208
49.587557329984534
50.111458918296755
49.50515655892744
49.97257829206482
49.48660446528597
50.55538711229002
49.819653557562226
52.404376323545584
51.18500962675072
52.81462466529721
52.34694285608075
52.165583136931424
52.92192772092679
52.296574788764424
51.940682347541774
52.64681057526695
52.64551019487151
52.18001735932069
52.34403867319762
51.670528320391156
51.57570891655771
52.617898784475216
52.034591485098424
52.40010674124725
52.857949005471625
55.32375198429289
56.23273955370516
53.98095751496511
56.14873498016037
55.02303901784966
56.125414825068994
55.26753220519712
55.40053944664304
55.75259576569916
55.306521944053436
55.93109464797855
55.01285270475213
55.30400787528894
55.57052083733235
55.389702943347785
55.3558930530666
55.623771414525216
55.64761172177477
55.48402386802965
55.9362094775339
56.66791185303587
57.54352299229877
59.042406455091346
57.96324243793044
58.662326938513694
58.41022652585297
58.60554366124658
58.51328167219081
58.69631021284761
58.69121705629884
58.79995053036339
57.916905549839946
58.920799215112034
58.65324594875228
58.74715508630892
58.93878781058215
58.62379233279578
58.786903380395906
58.71104785732915
59.103329276617245
59.766891719398664
61.65623606892574
61.37947177476502
61.597350510019346
61.54973491454001
61.67095204040069
61.882675641783315
61.5657295934038
61.79581023136858
61.54737255682165
61.758164218920875
61.60582465559623
61.702551284009644
61.68384747932204
61.62864633153603
62.010026228509105
61.63029348003691
62.0390247113272
61.73421554663837
61.880421649097904
61.81221669735759
61.98412698563346
62.16325438510396
62.05083649991902
62.25731523370674
61.95967983419937
62.181026250508175
62.152677957887796
62.04708706977887
61.94791139162073
61.867136096057926
62.09966578376743
62.180311041290686
62.21765363164612
62.08889429949195
62.32138064118827
62.04944942749723
62.088374147333774
62.15033727317602
62.26516086209251
62.55297838961438
62.31045744586665
62.49220727913461
62.318606496344685
62.63290843792016
62.28057036977835
62.39454871143781
62.26620116640885
62.52148751103838
62.46750005162144
62.39589243784642
60.851127220101745
62.37133692137938
62.57716546496938
62.44990157026995
62.678876884898614
62.57885595948344
62.490300054554645
62.69961795220572
62.562557858527384
62.55601261053705
62.562341128461476
62.84556397858617
62.63429551034195
62.77376130775183
62.60802782635426
62.778941156326965
62.92406360845697
62.760974233863436
62.698924415994824
62.639757108002755
62.88067424926278
62.318888245430365
62.09422585911321
62.6337320121706
62.902282236833514
62.98067350167136
62.847167781073864
62.82189705538934
62.92321836119994
62.99285373137523
63.07863549146043
63.207286458581656
63.09853131151051
63.16424386749292
63.28825681120378
63.19413094358122
63.12284842490506
62.97835448996618
63.08587427566166
62.97841950898595
63.129263634855846
63.11127503938573
63.20466402478421
63.22232752515547
63.18784577166998
63.46679903949634
63.19677505038526
63.275296353262654
63.192072007955126
63.404922605680454
63.413656827336425
63.964584654867004
63.86553901474841
63.92039339442897
64.07927820574395
63.70039070452878
63.889639398077044
63.85691315812539
63.90392190942019
63.76315573161487
63.951342447840204
63.76818386914387
63.88331088015262
64.04915272658315
63.786410867686484
64.07633067684763
63.77637626563508
63.82121771627083
64.13203030378523
63.99683408867367
64.05647820281074
64.00467971705943
64.25062499584845
64.07128086631205
64.16440977563144
63.881468674592426
63.85968730296897
64.1507991274926
63.971801766061645
64.1895938092896
64.1802310704425
64.17359913042581
64.07372991605678
64.20272765128345
63.95554701111877
64.05578466659983
63.981749676086686
64.05721508503481
64.02539911135996
63.96365271558361
64.14928201703127
64.22554932722325
64.2733383067553
63.95886298112711
64.97073231282451
64.07190938350317
65.48195519228128
65.44363731662928
64.46973909247845
65.13232624996328
65.00098783002484
64.77095053807325
64.67415889064006
64.43601589422362
64.55647446485364
64.91481595582101
65.10774906048967
64.62810375163525
65.03458099024013
64.4112003016775
64.08565006968155
64.92959694631573
65.3844916816438
64.93215436109341
64.86139199457541
65.17298481032708
65.17424184470933
64.87844865076214
64.70827220301352
64.7473269608896
65.05005551694575
65.36318711616532
64.93111405677706
66.09527960578592
64.51291172160673
65.71760579293982
64.72136269899418
64.26573108144204
